ADE:2.0182194016036847
FDE:2.880314400182903